IN <- 2
JN <- 2
KN <- 2
N <- 10
X <- 0.07
Y <- 0.05
Z <- 0.018
B <- 0.014
bulk_density <- 8700.0
layer_density <- 8700.0
y <- c(109.076, 136.503, 144.899, 184.926, 188.476,
       195.562, 199.246, 208.46 , 231.22 , 232.63)
