P <- 10
N <- 20
X <- 0.01198
Y <- 0.020
Z <- 0.01397
density <- 8690.0
L <- 286
y <- c(71.111, 75.578, 86.207, 89.866, 110.734,
111.728, 120.024, 127.47, 128.312, 130.463,
141.437, 143.897, 149.073, 153.828, 156.404,
157.027, 160.377, 164.709, 169.081, 172.609)
