P <- 10
N <- 30
X <- 0.007753
Y <- 0.009057
Z <- 0.013199
density <- 4401.695921
L <- 286
y <- c(109.076, 136.503, 144.899, 184.926, 188.476, 195.562,
    199.246, 208.46 , 231.22 , 232.63 , 239.057, 241.684,
    242.159, 249.891, 266.285, 272.672, 285.217, 285.67 ,
    288.796, 296.976, 301.101, 303.024, 305.115, 305.827,
    306.939, 310.428, 318.   , 319.457, 322.249, 323.464)
